
#400
#width=20.203051, height=20.203051, time =1
###vcentrex= 10.039337, vcentrey= 10.434378, vcentreAx= 10.000768, vcentreAy= 10.350760, bcentrex= 10.584868, bcentrey= 10.863349, bcentreAx= 10.790131, bcentreAy= 10.862649
#id,,x,y,area,pressure,Z
1 16.830467 10.024328 1.505199 1.051348 16
2 10.836769 7.222546 0.273170 2.395116 5
3 8.349003 1.681417 1.030034 1.177891 9
4 1.364649 6.059485 0.298862 2.014220 5
5 1.334989 3.429860 0.151537 3.716496 4
6 9.045682 19.629107 0.385979 2.093547 5
7 7.019981 4.236425 0.480265 1.755335 6
8 3.892347 4.039686 0.469284 1.821095 5
9 19.692476 6.886530 0.718443 1.481049 7
10 20.277023 15.478113 0.221806 2.741326 5

#400
#width=20.203051, height=20.203051, time =2
###vcentrex= 10.033008, vcentrey= 10.442498, vcentreAx= 10.022041, vcentreAy= 10.356094, bcentrex= 10.584883, bcentrey= 10.863361, bcentreAx= 10.791256, bcentreAy= 10.863086
#id,,x,y,area,pressure,Z
1 16.830695 10.021712 1.508457 1.050813 16
2 10.835451 7.225607 0.271553 2.395113 5
3 8.350483 1.681025 1.031554 1.173351 9
4 1.367027 6.062635 0.297709 2.011422 5
5 1.334265 3.433504 0.147413 3.765000 4
6 9.046556 19.626788 0.384689 2.090398 5
7 7.022385 4.237481 0.480214 1.750885 6
8 3.892804 4.041440 0.468258 1.817563 5
9 19.694937 6.885907 0.718953 1.478267 7
10 20.279981 15.474731 0.220187 2.739386 5

#397
#width=20.203051, height=20.203051, time =9
###vcentrex= 10.040152, vcentrey= 10.486874, vcentreAx= 9.954407, vcentreAy= 10.340467, bcentrex= 10.581011, bcentrey= 10.877241, bcentreAx= 10.798918, bcentreAy= 10.866519
#id,,x,y,area,pressure,Z
1 16.843547 9.979093 1.530817 1.041935 16
2 10.816326 7.253520 0.259981 2.403269 5
3 8.367217 1.684767 1.042002 1.142130 9
4 1.369604 6.063309 0.289787 1.998104 5
5 1.319119 3.453036 0.119756 4.178285 4
6 9.052923 19.620893 0.375691 2.070412 5
7 7.031237 4.241064 0.479849 1.725060 6
8 3.898965 4.038425 0.461076 1.797965 5
9 19.718179 6.896703 0.722286 1.458116 7
10 20.289793 15.468338 0.208571 2.753132 5

#247
#width=20.203051, height=20.203051, time =163
###vcentrex= 9.910223, vcentrey= 10.255212, vcentreAx= 9.795938, vcentreAy= 10.292237, bcentrex= 10.487717, bcentrey= 10.826047, bcentreAx= 10.729401, bcentreAy= 10.920774
#id,,x,y,area,pressure,Z
1 16.973888 10.116842 1.867143 0.859711 12
3 8.247784 1.645967 1.220041 1.061444 8
7 6.747784 4.206541 0.414163 1.884528 4
8 3.871438 3.702574 0.169334 2.983434 4
9 19.831305 7.269156 0.726033 1.302646 6